-----------------
Text lenght: 697
Pattern lenght: 5
Time: 00:00:00.00
Position: 7 235 423 
-----------------
Text lenght: 6827
Pattern lenght: 5
Time: 00:00:00.00
Position: 7 2014 2204 2587 3332 3437 3644 3818 4321 6038 
-----------------
Text lenght: 67836
Pattern lenght: 5
Time: 00:00:00.00
Position: 7 1346 2341 2665 5733 7130 10212 10328 10567 10772 10981 11235 12308 14727 15414 15670 16068 16402 17655 18215 18361 18848 19055 20946 21513 22337 24104 25129 25703 26253 26305 26566 28499 28677 28816 29283 29419 29488 30516 31258 31530 32141 33022 33034 33334 33507 34017 34091 34547 34591 36447 37242 37282 38362 39008 40931 42328 43047 43296 43670 45578 45821 47315 47365 49855 53201 53644 55432 56850 56977 57710 57954 58266 59602 62199 62321 62579 62688 63684 65031 65888 66213 67183 67261 67339 67447 
-----------------
Text lenght: 67534
Pattern lenght: 5
Time: 00:00:00.00
Position: 37 215 1193 1796 2630 2809 4227 4386 4399 4445 5126 5690 8302 8568 9756 11112 12384 12404 13492 13932 14308 14693 15015 15457 15739 16305 17661 18054 18408 20057 20948 21262 21803 24634 24652 26445 28671 29713 29802 31000 31582 31613 32546 32644 33121 34465 34596 35229 35836 35951 36501 39112 40195 42623 42862 43502 44311 44523 45642 45785 46827 47147 47556 47907 48268 48300 48387 49526 51415 51932 52662 53109 54607 55286 55984 62073 62650 63723 63754 65141 65246 66466 67344 
-----------------
Text lenght: 100
Pattern lenght: 5
Time: 00:00:00.00
Position: 47 
-----------------
Text lenght: 1000
Pattern lenght: 5
Time: 00:00:00.00
Position: 41 
-----------------
Text lenght: 10000
Pattern lenght: 5
Time: 00:00:00.00
Position: 3010 
-------------------------------------------------------------------------
-----------------
Text lenght: 67534
Pattern lenght: 8
Time: 00:00:00.00
Position: 5681 62098 
-----------------
Text lenght: 67534
Pattern lenght: 54
Time: 00:00:00.00
Position: 63632 
-----------------
Text lenght: 67534
Pattern lenght: 89
Time: 00:00:00.00
Position: 60893 
